[BM Buy and Hold]

CAGR : 0.05%
Sharpe : 0.05
VOL : 0.95%
MDD : 7.51%

[LSTM]

CAGR : -0.0%
Sharpe : -0.02
VOL : 0.17%
MDD : 7.51%

========================================
mean loss: 0.13193466799333692
[0.3057436943054199, 0.23961295187473297, 0.24059543013572693, 0.2410530149936676, 0.23941120505332947, 0.23915258049964905, 0.23927204310894012, 0.24024373292922974, 0.23883773386478424, 0.23839601874351501, 0.23529188334941864, 0.23163318634033203, 0.2282954305410385, 0.2276608943939209, 0.22851616144180298, 0.22682006657123566, 0.22551581263542175, 0.2240161895751953, 0.2244078814983368, 0.22551321983337402, 0.2248729020357132, 0.22217699885368347, 0.22341427206993103, 0.22241351008415222, 0.2206231653690338, 0.21867311000823975, 0.2205950915813446, 0.21403463184833527, 0.21315357089042664, 0.21117378771305084, 0.21683205664157867, 0.20784828066825867, 0.20463502407073975, 0.20403243601322174, 0.2029634714126587, 0.1991061419248581, 0.1971636861562729, 0.19562935829162598, 0.19231699407100677, 0.19071146845817566, 0.18811440467834473, 0.18821504712104797, 0.18851923942565918, 0.18512655794620514, 0.18379251658916473, 0.18352949619293213, 0.18130643665790558, 0.17818106710910797, 0.18013550341129303, 0.17644241452217102, 0.17645005881786346, 0.17431515455245972, 0.17350363731384277, 0.17094480991363525, 0.17116396129131317, 0.16914589703083038, 0.16820994019508362, 0.1673179268836975, 0.16746282577514648, 0.1684390902519226, 0.1647290736436844, 0.1636514514684677, 0.1625344157218933, 0.1618807464838028, 0.16230672597885132, 0.16202135384082794, 0.16201931238174438, 0.15936194360256195, 0.15986819565296173, 0.15752270817756653, 0.15887615084648132, 0.15520335733890533, 0.15703043341636658, 0.15668420493602753, 0.15586784482002258, 0.15496082603931427, 0.15417048335075378, 0.1545911431312561, 0.15193244814872742, 0.15359584987163544, 0.15177981555461884, 0.15093079209327698, 0.15184183418750763, 0.14962339401245117, 0.14813290536403656, 0.14956453442573547, 0.1498587727546692, 0.14762625098228455, 0.1476835161447525, 0.14681653678417206, 0.1480662226676941, 0.14556190371513367, 0.14565007388591766, 0.1444029062986374, 0.1433803290128708, 0.14415429532527924, 0.1431044191122055, 0.14233607053756714, 0.1411626935005188, 0.14270828664302826, 0.14222931861877441, 0.14211945235729218, 0.13987234234809875, 0.14088314771652222, 0.1400848925113678, 0.1396329700946808, 0.1393999457359314, 0.1398584544658661, 0.14001891016960144, 0.13856405019760132, 0.138403981924057, 0.13971814513206482, 0.13565823435783386, 0.13580700755119324, 0.13782505691051483, 0.1348026543855667, 0.13423295319080353, 0.13636772334575653, 0.13428737223148346, 0.13379071652889252, 0.13635075092315674, 0.13449597358703613, 0.13345500826835632, 0.13332346081733704, 0.13099035620689392, 0.13168416917324066, 0.13160695135593414, 0.13094328343868256, 0.13122950494289398, 0.13019390404224396, 0.1304507553577423, 0.13144688308238983, 0.12998837232589722, 0.12966661155223846, 0.12977109849452972, 0.13053424656391144, 0.1273411214351654, 0.13113683462142944, 0.12707780301570892, 0.12972334027290344, 0.12854284048080444, 0.12735868990421295, 0.12705671787261963, 0.12567052245140076, 0.12634795904159546, 0.12626488506793976, 0.12555931508541107, 0.12668824195861816, 0.12299476563930511, 0.1241682842373848, 0.12757128477096558, 0.12316520512104034, 0.12526309490203857, 0.12577593326568604, 0.12412805110216141, 0.12399973720312119, 0.12420108169317245, 0.12297580391168594, 0.12263995409011841, 0.12345942854881287, 0.1219872534275055, 0.12258223444223404, 0.12206245958805084, 0.12124238163232803, 0.12171551585197449, 0.11976304650306702, 0.12279421836137772, 0.12215679883956909, 0.1208154708147049, 0.11947758495807648, 0.12220926582813263, 0.12022098898887634, 0.11881355941295624, 0.11928153783082962, 0.11989975720643997, 0.11990106850862503, 0.11966174095869064, 0.11921197175979614, 0.11675381660461426, 0.11696399748325348, 0.1188344806432724, 0.11826983839273453, 0.11731604486703873, 0.11762230098247528, 0.11781933158636093, 0.11955529451370239, 0.11490556597709656, 0.11611147224903107, 0.11686601489782333, 0.11456659436225891, 0.11778827011585236, 0.1170855462551117, 0.11654863506555557, 0.11435660719871521, 0.11381515860557556, 0.11514772474765778, 0.116273432970047, 0.11577824503183365, 0.11548677831888199, 0.1152421310544014, 0.11488720774650574, 0.11570228636264801, 0.1153896376490593, 0.11745256930589676, 0.11562005430459976, 0.11389182507991791, 0.11096468567848206, 0.11608308553695679, 0.11450589448213577, 0.11323275417089462, 0.1137557178735733, 0.11402521282434464, 0.11385505646467209, 0.11205524951219559, 0.11197365820407867, 0.11325281113386154, 0.11250317096710205, 0.11228835582733154, 0.11468172073364258, 0.11252108216285706, 0.11390412598848343, 0.11338769644498825, 0.11214053630828857, 0.11380036920309067, 0.10962748527526855, 0.11326508224010468, 0.11107970774173737, 0.11090169847011566, 0.11071359366178513, 0.11171634495258331, 0.1095353215932846, 0.11254014819860458, 0.10973712056875229, 0.11132205277681351, 0.11182939261198044, 0.11305784434080124, 0.11257847398519516, 0.11027585715055466, 0.11180256307125092, 0.11106784641742706, 0.11006518453359604, 0.11172410845756531, 0.11186239123344421, 0.11113212257623672, 0.11057419329881668, 0.10993962734937668, 0.11045321077108383, 0.11075805127620697, 0.10999014973640442, 0.1091870367527008, 0.11115440726280212, 0.10838016122579575, 0.10993125289678574, 0.1093590185046196, 0.10981316864490509, 0.10882235318422318, 0.10830993950366974, 0.10821215808391571, 0.10908963531255722, 0.11081739515066147, 0.1100512221455574, 0.1093621701002121, 0.10810185968875885, 0.11000943183898926, 0.10878240317106247, 0.10796904563903809, 0.10820405185222626, 0.10917575657367706, 0.10674242675304413, 0.10850030183792114, 0.10885818302631378, 0.10769625008106232, 0.10974007099866867, 0.10967195779085159, 0.10925471037626266, 0.10776347666978836, 0.10596839338541031, 0.10822733491659164, 0.1088344007730484, 0.10830062627792358, 0.10905369371175766, 0.10799184441566467, 0.1082787960767746, 0.10622281581163406, 0.10836035013198853, 0.10853051394224167, 0.10912543535232544, 0.10674642771482468, 0.10797689855098724, 0.10798246413469315, 0.10665462166070938, 0.10810329765081406, 0.10796406865119934, 0.10976531356573105, 0.10725709050893784, 0.10676339268684387, 0.10528833419084549, 0.11013750731945038, 0.10562728345394135, 0.10549550503492355, 0.10889796912670135, 0.10672688484191895, 0.10745472460985184, 0.10520561784505844, 0.10510922968387604, 0.10778771340847015, 0.10604427009820938, 0.10818726569414139, 0.10827987641096115, 0.1059151440858841, 0.10696932673454285, 0.11048624664545059, 0.10812153667211533, 0.10546188801527023, 0.10839951783418655, 0.10378505289554596, 0.10562700033187866, 0.1043378934264183, 0.10646728426218033, 0.10492067784070969, 0.10861176997423172, 0.10500426590442657, 0.10510566085577011, 0.10561443865299225, 0.10591781139373779, 0.10552195459604263, 0.10512112081050873, 0.10507801920175552, 0.10563569515943527, 0.10609813034534454, 0.11027266830205917, 0.10649554431438446, 0.10571086406707764, 0.1074933409690857, 0.10715603828430176, 0.10353837162256241, 0.10665014386177063, 0.10659501701593399, 0.10259853303432465, 0.10550957918167114, 0.10739763081073761, 0.10867509245872498, 0.10390964150428772, 0.10435323417186737, 0.10455557703971863, 0.10455787926912308, 0.1053558737039566, 0.10666781663894653, 0.10542706400156021, 0.10545788705348969, 0.10520435869693756, 0.10610760748386383, 0.10634630173444748, 0.10498449206352234, 0.1052202358841896, 0.10646811872720718, 0.10493268817663193, 0.10397088527679443, 0.10465643554925919, 0.10361040383577347, 0.10409672558307648, 0.10606932640075684, 0.10309001058340073, 0.10705242305994034, 0.10306928306818008, 0.10559167712926865, 0.10337208956480026, 0.10594402998685837, 0.1046750396490097, 0.1041569709777832, 0.1045757532119751, 0.10692451149225235, 0.10420414060354233, 0.10219681262969971, 0.1035730317234993, 0.10440725833177567, 0.10230404138565063, 0.10675574094057083, 0.10366605967283249, 0.10228648781776428, 0.10535099357366562, 0.1051197424530983, 0.1038443073630333, 0.10214370489120483, 0.10442609339952469, 0.10405341535806656, 0.10304753482341766, 0.10331651568412781, 0.10699468851089478, 0.10161671042442322, 0.10188065469264984, 0.10450784862041473, 0.1022707000374794, 0.1020091250538826, 0.1013358011841774, 0.10175855457782745, 0.10727471858263016, 0.10258201509714127, 0.10622638463973999, 0.10570938140153885]

mean acc: 0.8641344028711319
[0.5885187387466431, 0.6092936992645264, 0.6098605990409851, 0.6107609868049622, 0.6126284003257751, 0.6137455105781555, 0.6138789057731628, 0.6166966557502747, 0.6199146509170532, 0.623416006565094, 0.6338868737220764, 0.6408897042274475, 0.6432739496231079, 0.6478091478347778, 0.6469921469688416, 0.6498932838439941, 0.6508936882019043, 0.6547285318374634, 0.6568127274513245, 0.6569127440452576, 0.6611144542694092, 0.669734537601471, 0.669251024723053, 0.6744531393051147, 0.6830399036407471, 0.6920434832572937, 0.6854575276374817, 0.7018140554428101, 0.7108843326568604, 0.7160030603408813, 0.7054154872894287, 0.7241563200950623, 0.7323095798492432, 0.7333933711051941, 0.7371948957443237, 0.7460150718688965, 0.7482993006706238, 0.7521342039108276, 0.7585867643356323, 0.7635554075241089, 0.7657563090324402, 0.7652727961540222, 0.7665233016014099, 0.7752100825309753, 0.7729758620262146, 0.7796118259429932, 0.7803621292114258, 0.7836134433746338, 0.7833633422851562, 0.7888154983520508, 0.7896658778190613, 0.7916666865348816, 0.7921501994132996, 0.7973689436912537, 0.7972689270973206, 0.8010870814323425, 0.8017206788063049, 0.8038381934165955, 0.8043550848960876, 0.8019874691963196, 0.8091070055961609, 0.8086401224136353, 0.8109577298164368, 0.8127084374427795, 0.8113245368003845, 0.8140422701835632, 0.8120915293693542, 0.8175269961357117, 0.8157262802124023, 0.8201780915260315, 0.8204448223114014, 0.8227124214172363, 0.8206616044044495, 0.8209950923919678, 0.8239796161651611, 0.8222455382347107, 0.8257636427879333, 0.8268807530403137, 0.8283313512802124, 0.8279978632926941, 0.8286147713661194, 0.8317326903343201, 0.8306989669799805, 0.834083616733551, 0.834967315196991, 0.8341503143310547, 0.8337835073471069, 0.8366013169288635, 0.8367847204208374, 0.8386021256446838, 0.8362845182418823, 0.8393690586090088, 0.8399193286895752, 0.8433206677436829, 0.8434873819351196, 0.8425870537757874, 0.8440709710121155, 0.8459717035293579, 0.8466886878013611, 0.8453547954559326, 0.8457216024398804, 0.8475890159606934, 0.8505735397338867, 0.8484727144241333, 0.8512905240058899, 0.8501067161560059, 0.8518240451812744, 0.8515406250953674, 0.8508236408233643, 0.8518240451812744, 0.8544751405715942, 0.8519741296768188, 0.8561757802963257, 0.857192873954773, 0.8552420735359192, 0.857976496219635, 0.8586100935935974, 0.8574763536453247, 0.861144483089447, 0.8603774905204773, 0.8582265973091125, 0.8610777854919434, 0.8617613911628723, 0.861427903175354, 0.8652294278144836, 0.8642457127571106, 0.864962637424469, 0.8658797144889832, 0.8664465546607971, 0.8671301603317261, 0.8682973384857178, 0.8665799498558044, 0.8697145581245422, 0.8697478771209717, 0.8701980710029602, 0.8690642714500427, 0.8732993006706238, 0.8679971694946289, 0.8736661076545715, 0.8711150884628296, 0.872348964214325, 0.8738495111465454, 0.8757836222648621, 0.8759170174598694, 0.8748666048049927, 0.875900387763977, 0.8759337067604065, 0.8752501010894775, 0.8794517517089844, 0.8786181211471558, 0.876467227935791, 0.8785180449485779, 0.8782013058662415, 0.878534734249115, 0.8807022571563721, 0.8796852231025696, 0.8795518279075623, 0.881786048412323, 0.8818193674087524, 0.8811191320419312, 0.8829365372657776, 0.8831532597541809, 0.8825029730796814, 0.884637176990509, 0.8840702772140503, 0.8871715068817139, 0.8837034702301025, 0.8846871852874756, 0.8861377835273743, 0.887104868888855, 0.8855041861534119, 0.8879051804542542, 0.8871548771858215, 0.8894557952880859, 0.8875383734703064, 0.887388288974762, 0.8890389204025269, 0.8877717852592468, 0.8910731077194214, 0.8929405212402344, 0.8898726105690002, 0.8907563090324402, 0.8909897208213806, 0.8910230994224548, 0.8914399147033691, 0.8912565112113953, 0.8954581618309021, 0.8925737142562866, 0.8932406306266785, 0.8948079347610474, 0.8931739330291748, 0.8940409421920776, 0.8937408328056335, 0.8968754410743713, 0.8967753648757935, 0.8967253565788269, 0.8950913548469543, 0.8950246572494507, 0.8955248594284058, 0.8968087434768677, 0.8970754742622375, 0.8952080607414246, 0.8961751461029053, 0.8939242362976074, 0.8956582546234131, 0.8975756764411926, 0.9008603692054749, 0.8955248594284058, 0.8978257775306702, 0.8988761901855469, 0.9001100659370422, 0.8989595770835876, 0.900076687335968, 0.9014939069747925, 0.9017273783683777, 0.900076687335968, 0.9015606045722961, 0.9015606045722961, 0.8996931910514832, 0.9010270833969116, 0.9008936882019043, 0.9004601836204529, 0.9021608829498291, 0.9022775888442993, 0.9042450189590454, 0.9015272855758667, 0.9036281108856201, 0.9040949940681458, 0.9046952128410339, 0.9040949940681458, 0.9060624241828918, 0.9030612111091614, 0.9052621126174927, 0.904995322227478, 0.9034613966941833, 0.9030779004096985, 0.9015105962753296, 0.9046952128410339, 0.9031779170036316, 0.9052621126174927, 0.9051787257194519, 0.9044618010520935, 0.9051287174224854, 0.9055455327033997, 0.9064125418663025, 0.9065626263618469, 0.9058456420898438, 0.9060291051864624, 0.9071128368377686, 0.9066960215568542, 0.905879020690918, 0.9092637300491333, 0.9072295427322388, 0.9083466529846191, 0.9079798460006714, 0.9087134599685669, 0.9087801575660706, 0.9091469645500183, 0.9093137383460999, 0.9072795510292053, 0.9077964425086975, 0.9090469479560852, 0.9089969396591187, 0.9083967208862305, 0.9094304442405701, 0.9102641344070435, 0.909330427646637, 0.9077797532081604, 0.9100640416145325, 0.9099473357200623, 0.9097805619239807, 0.9095138311386108, 0.9079131484031677, 0.9092303514480591, 0.9091136455535889, 0.9106976389884949, 0.9137654900550842, 0.91158127784729, 0.9104141592979431, 0.909913957118988, 0.9109810590744019, 0.9105141758918762, 0.9107309579849243, 0.9124482870101929, 0.9105642437934875, 0.9109477400779724, 0.9118480682373047, 0.9127317667007446, 0.9107309579849243, 0.9119147658348083, 0.912264883518219, 0.9110310673713684, 0.9126817584037781, 0.9109643697738647, 0.9127650856971741, 0.912948489189148, 0.9154661893844604, 0.9104141592979431, 0.9146324992179871, 0.914132297039032, 0.9112644791603088, 0.9127484560012817, 0.9132652878761292, 0.9149159789085388, 0.9142990708351135, 0.9134153723716736, 0.9138821959495544, 0.9127650856971741, 0.9133319854736328, 0.9149826765060425, 0.9134320616722107, 0.9112978577613831, 0.9125650525093079, 0.9143657684326172, 0.9129985570907593, 0.91738361120224, 0.9159663915634155, 0.9159663915634155, 0.9142156839370728, 0.915716290473938, 0.9140155911445618, 0.9158663749694824, 0.9149659872055054, 0.9161664843559265, 0.9154661893844604, 0.9152827858924866, 0.915716290473938, 0.9163832068443298, 0.9170168042182922, 0.9161664843559265, 0.9137488603591919, 0.9152494072914124, 0.915716290473938, 0.9146658778190613, 0.9163331985473633, 0.9170501828193665, 0.9157662987709045, 0.9153994917869568, 0.9181005954742432, 0.9173002243041992, 0.9158663749694824, 0.9148492813110352, 0.9185007214546204, 0.9169667959213257, 0.9187508225440979, 0.9176337122917175, 0.917983889579773, 0.915316104888916, 0.9175670146942139, 0.9177337884902954, 0.9165499806404114, 0.9178171157836914, 0.9166333079338074, 0.9169501066207886, 0.9184507131576538, 0.9170668125152588, 0.917100191116333, 0.9177337884902954, 0.9185341000556946, 0.9183173179626465, 0.918967604637146, 0.9174836874008179, 0.9199346303939819, 0.9175336956977844, 0.9187341332435608, 0.9182006120681763, 0.9194177389144897, 0.9168167114257812, 0.9183173179626465, 0.9186007976531982, 0.9177170991897583, 0.915516197681427, 0.9192343354225159, 0.9194011092185974, 0.9203014373779297, 0.9190843105316162, 0.9212351441383362, 0.9165832996368408, 0.9192177057266235, 0.9218020439147949, 0.919251024723053, 0.9191009998321533, 0.9192677140235901, 0.9211017489433289, 0.9194844365119934, 0.9199346303939819, 0.9205849170684814, 0.9193511009216309, 0.9178338050842285, 0.9213018417358398, 0.9212018251419067, 0.9205349087715149, 0.9228191375732422, 0.9208016395568848, 0.9219521284103394, 0.9224356412887573, 0.9183506965637207, 0.920918345451355, 0.9188342094421387, 0.9193677306175232]

mean val_loss: 0.3773537179082632
[0.23531879484653473, 0.22540222108364105, 0.21801942586898804, 0.274321049451828, 0.38236841559410095, 0.4742598831653595, 0.22117596864700317, 0.2487192302942276, 0.28017181158065796, 0.688390851020813, 0.6660330295562744, 0.623357892036438, 0.6879296898841858, 0.23159652948379517, 0.4121202528476715, 0.6882762908935547, 0.22942839562892914, 0.25896987318992615, 0.24590690433979034, 0.6116302013397217, 0.6816905736923218, 0.6490353345870972, 0.6679060459136963, 0.6741496324539185, 0.42332199215888977, 0.46847543120384216, 0.238870307803154, 0.2862464189529419, 0.2555001676082611, 0.24271492660045624, 0.589089572429657, 0.5865964889526367, 0.49904972314834595, 0.25764164328575134, 0.5088497400283813, 0.44109272956848145, 0.5908066630363464, 0.6543115377426147, 0.4471549987792969, 0.24495400488376617, 0.2917514145374298, 0.3821042776107788, 0.6069818735122681, 0.3267103433609009, 0.3516980707645416, 0.6127988696098328, 0.45474860072135925, 0.2578273415565491, 0.2893374264240265, 0.25561287999153137, 0.25307124853134155, 0.2945515513420105, 0.3241686224937439, 0.3132163882255554, 0.2861097455024719, 0.2686711549758911, 0.30718982219696045, 0.2998100221157074, 0.3085585832595825, 0.2996944487094879, 0.3140204846858978, 0.33397385478019714, 0.5098316073417664, 0.31779053807258606, 0.3101523816585541, 0.3197297751903534, 0.3194350004196167, 0.3112470805644989, 0.31774136424064636, 0.309952974319458, 0.29590001702308655, 0.2704051733016968, 0.41122087836265564, 0.28487086296081543, 0.49903956055641174, 0.3018557131290436, 0.3135984241962433, 0.314064621925354, 0.3246905505657196, 0.28492212295532227, 0.2684830129146576, 0.2737559974193573, 0.31419050693511963, 0.3055407404899597, 0.2924410402774811, 0.4603292942047119, 0.320295125246048, 0.3285589814186096, 0.3231365382671356, 0.29024818539619446, 0.3115258812904358, 0.31659287214279175, 0.3234681189060211, 0.3272066116333008, 0.32454848289489746, 0.28813886642456055, 0.33025336265563965, 0.32708168029785156, 0.3317611515522003, 0.32143139839172363, 0.42971134185791016, 0.2991761267185211, 0.3184237778186798, 0.32610800862312317, 0.3362046778202057, 0.32577183842658997, 0.3107313811779022, 0.3131347596645355, 0.317118376493454, 0.2993555963039398, 0.3516709804534912, 0.33209091424942017, 0.32733601331710815, 0.32571515440940857, 0.2881290018558502, 0.32562825083732605, 0.3312567472457886, 0.29789382219314575, 0.3145056366920471, 0.28776389360427856, 0.32505854964256287, 0.3235650360584259, 0.32901278138160706, 0.3751067519187927, 0.31892502307891846, 0.29476943612098694, 0.32414984703063965, 0.32833507657051086, 0.3325692117214203, 0.32570433616638184, 0.31196391582489014, 0.31527572870254517, 0.28716549277305603, 0.3346009850502014, 0.33478182554244995, 0.3310481011867523, 0.33473527431488037, 0.3328128755092621, 0.331574410200119, 0.33256959915161133, 0.33059361577033997, 0.31031519174575806, 0.31680867075920105, 0.32420578598976135, 0.335665225982666, 0.33449989557266235, 0.3392445147037506, 0.34502968192100525, 0.33634552359580994, 0.3401791453361511, 0.33272701501846313, 0.33887994289398193, 0.3310803472995758, 0.33425506949424744, 0.33411237597465515, 0.33651289343833923, 0.3108603358268738, 0.29431450366973877, 0.3589398264884949, 0.3370192348957062, 0.32551854848861694, 0.33309274911880493, 0.3498830795288086, 0.3679029047489166, 0.3830503523349762, 0.42796260118484497, 0.5765001177787781, 0.5164613723754883, 0.5559440851211548, 0.5262507796287537, 0.4409332871437073, 0.489200234413147, 0.31591030955314636, 0.33128121495246887, 0.43736064434051514, 0.3365277945995331, 0.36239489912986755, 0.38345852494239807, 0.4262586534023285, 0.3552268445491791, 0.5041342377662659, 0.5230129957199097, 0.5243502855300903, 0.43478330969810486, 0.48864036798477173, 0.3585798442363739, 0.32717567682266235, 0.377020001411438, 0.35812100768089294, 0.3492937684059143, 0.3666870892047882, 0.33495885133743286, 0.35239624977111816, 0.37394797801971436, 0.44164615869522095, 0.3652673065662384, 0.37110522389411926, 0.3718929886817932, 0.5516650080680847, 0.4806777238845825, 0.3184638023376465, 0.33009397983551025, 0.3806670904159546, 0.3299809694290161, 0.3483728766441345, 0.3267078697681427, 0.3297550082206726, 0.3424208462238312, 0.29925379157066345, 0.30921244621276855, 0.4719829857349396, 0.31320348381996155, 0.30138659477233887, 0.2953842282295227, 0.30547207593917847, 0.32341256737709045, 0.38365745544433594, 0.46597641706466675, 0.401867151260376, 0.3138268291950226, 0.30574893951416016, 0.33263030648231506, 0.3205237090587616, 0.35310444235801697, 0.4382516145706177, 0.3312641978263855, 0.42358532547950745, 0.35777848958969116, 0.4162057042121887, 0.36571556329727173, 0.44582757353782654, 0.32132887840270996, 0.48806196451187134, 0.48979002237319946, 0.4689256250858307, 0.5635008811950684, 0.3672236502170563, 0.40734490752220154, 0.32089653611183167, 0.35632938146591187, 0.34229427576065063, 0.341092586517334, 0.34656763076782227, 0.3200841546058655, 0.31698694825172424, 0.3450383245944977, 0.35325124859809875, 0.5724408030509949, 0.5267505645751953, 0.4134858548641205, 0.6129122376441956, 0.4937579035758972, 0.44397100806236267, 0.4176061153411865, 0.5000792145729065, 0.3792254328727722, 0.388441264629364, 0.338901549577713, 0.532305121421814, 0.3671448528766632, 0.34329503774642944, 0.4481063485145569, 0.4072914719581604, 0.4013015329837799, 0.5259101390838623, 0.397478312253952, 0.4141279458999634, 0.4144643545150757, 0.3715525269508362, 0.337257981300354, 0.36517783999443054, 0.3506876826286316, 0.34739989042282104, 0.3904414474964142, 0.4803805351257324, 0.4810958206653595, 0.37134119868278503, 0.5367299318313599, 0.513576328754425, 0.499207466840744, 0.3712594509124756, 0.37221816182136536, 0.3658734858036041, 0.43016940355300903, 0.39025968313217163, 0.5449451804161072, 0.4909525215625763, 0.5537439584732056, 0.577103316783905, 0.589629590511322, 0.44752585887908936, 0.4984818994998932, 0.43938103318214417, 0.4251970648765564, 0.3344947397708893, 0.40494391322135925, 0.39579546451568604, 0.37906503677368164, 0.3162563145160675, 0.4179976284503937, 0.4276677668094635, 0.47278743982315063, 0.37864622473716736, 0.5120528936386108, 0.39211541414260864, 0.36562779545783997, 0.44393154978752136, 0.47436004877090454, 0.3944985866546631, 0.3841906487941742, 0.42163875699043274, 0.3361017405986786, 0.43481865525245667, 0.3573320806026459, 0.37294802069664, 0.4109084904193878, 0.36872464418411255, 0.33976051211357117, 0.34271523356437683, 0.3341746926307678, 0.3295345902442932, 0.31744372844696045, 0.34753286838531494, 0.37585413455963135, 0.36780214309692383, 0.3693715035915375, 0.49290671944618225, 0.5004523396492004, 0.3559393584728241, 0.4348725974559784, 0.3404129147529602, 0.32936617732048035, 0.3813686668872833, 0.4222663938999176, 0.3441047966480255, 0.34513843059539795, 0.34798935055732727, 0.4627322256565094, 0.43626224994659424, 0.47269999980926514, 0.36967721581459045, 0.38685497641563416, 0.36802300810813904, 0.3926771879196167, 0.38050028681755066, 0.3941150903701782, 0.4458579123020172, 0.32193422317504883, 0.4175408184528351, 0.3265664577484131, 0.3670995533466339, 0.4363993704319, 0.40405625104904175, 0.3372097313404083, 0.35930758714675903, 0.38857197761535645, 0.38603976368904114, 0.3605741262435913, 0.4206071197986603, 0.4211110770702362, 0.3912143409252167, 0.345082551240921, 0.3638928234577179, 0.36363840103149414, 0.3315441310405731, 0.35454991459846497, 0.3331955671310425, 0.3446698486804962, 0.33860501646995544, 0.3299858868122101, 0.3333241641521454, 0.38132140040397644, 0.37945985794067383, 0.35154300928115845, 0.32688456773757935, 0.340436190366745, 0.34597644209861755, 0.346660315990448, 0.35360872745513916, 0.3697861433029175, 0.3626018762588501, 0.34028923511505127, 0.3512513041496277, 0.3486260175704956, 0.3483963906764984, 0.3429415822029114, 0.39580976963043213, 0.3453112840652466, 0.34813010692596436, 0.3285927176475525, 0.3416457176208496, 0.3585653603076935, 0.3564435839653015, 0.3581707179546356, 0.34877538681030273, 0.34952735900878906, 0.34122538566589355, 0.3389345407485962, 0.3416764438152313, 0.3474135994911194]

mean val_acc: 0.5698688423633576
last val_acc: 0.6461615562438965
MAX: 0.6889722347259521
MIN: 0.31102776527404785
[0.6889722347259521, 0.6889722347259521, 0.6889222264289856, 0.3112778067588806, 0.31112778186798096, 0.3110777735710144, 0.6889722347259521, 0.6734183430671692, 0.4578644633293152, 0.3113778531551361, 0.31122779846191406, 0.31112778186798096, 0.3111777901649475, 0.688872218132019, 0.31112778186798096, 0.31102776527404785, 0.6877719163894653, 0.4162040650844574, 0.6887722015380859, 0.3111777901649475, 0.31112778186798096, 0.3133283257484436, 0.3127281963825226, 0.3111777901649475, 0.3113778531551361, 0.3121280372142792, 0.6690672636032104, 0.6835208535194397, 0.6578644514083862, 0.6633658409118652, 0.31247812509536743, 0.31197798252105713, 0.3157789409160614, 0.6831207871437073, 0.3131282925605774, 0.3180294930934906, 0.3183295726776123, 0.32143035531044006, 0.31877970695495605, 0.6635658740997314, 0.6541635394096375, 0.3771442770957947, 0.32238060235977173, 0.3895473778247833, 0.39959990978240967, 0.31847962737083435, 0.3171292841434479, 0.6574143767356873, 0.6828206777572632, 0.6511628031730652, 0.6677669286727905, 0.5033758282661438, 0.6881720423698425, 0.6818704605102539, 0.6822705864906311, 0.6654163599014282, 0.6625656485557556, 0.6738684773445129, 0.6865216493606567, 0.6841210126876831, 0.6875718832015991, 0.47281819581985474, 0.3175293803215027, 0.5540385246276855, 0.6668167114257812, 0.5583395957946777, 0.6859714984893799, 0.6850212812423706, 0.6852713227272034, 0.6670167446136475, 0.6851212978363037, 0.6180045008659363, 0.46636658906936646, 0.5712928175926208, 0.34983745217323303, 0.6746686697006226, 0.5944986343383789, 0.5349337458610535, 0.6830207705497742, 0.6686171293258667, 0.6750187277793884, 0.601950466632843, 0.6596649289131165, 0.6373593211174011, 0.6660665273666382, 0.4080520272254944, 0.5678919553756714, 0.687471866607666, 0.6850712895393372, 0.6686671376228333, 0.6762190461158752, 0.5448362231254578, 0.6812703013420105, 0.6827706694602966, 0.6797199249267578, 0.6720179915428162, 0.6858214735984802, 0.685421347618103, 0.6582145690917969, 0.6439610123634338, 0.4254063367843628, 0.6708177328109741, 0.6744686365127563, 0.6765191555023193, 0.6565141081809998, 0.6640660166740417, 0.6774193644523621, 0.6648162007331848, 0.6640160083770752, 0.6381595134735107, 0.6713678240776062, 0.6774693727493286, 0.6806201338768005, 0.6576144099235535, 0.6757689714431763, 0.5461865663528442, 0.6743185520172119, 0.6538134813308716, 0.681220293045044, 0.6808702349662781, 0.6858214735984802, 0.6832208037376404, 0.6848211884498596, 0.6826706528663635, 0.6630657911300659, 0.6774193644523621, 0.6616654396057129, 0.6797699332237244, 0.6850712895393372, 0.6809702515602112, 0.6837709546089172, 0.6830707788467407, 0.6231057643890381, 0.6825206279754639, 0.6844211220741272, 0.6810202598571777, 0.6836709380149841, 0.6825706362724304, 0.6767691969871521, 0.6834208369255066, 0.6788197159767151, 0.6517629623413086, 0.6808702349662781, 0.6739184856414795, 0.6795699000358582, 0.677119255065918, 0.679169774055481, 0.6550137400627136, 0.6811202764511108, 0.6828707456588745, 0.681520402431488, 0.6707176566123962, 0.6765691637992859, 0.6817204356193542, 0.6800200343132019, 0.6782195568084717, 0.6649662256240845, 0.6419104933738708, 0.48587146401405334, 0.6736183762550354, 0.673968493938446, 0.6750687956809998, 0.588647186756134, 0.6352587938308716, 0.49792447686195374, 0.4565141201019287, 0.3729432225227356, 0.4439609944820404, 0.41250312328338623, 0.4154038429260254, 0.45841461420059204, 0.41250312328338623, 0.6392598152160645, 0.6388596892356873, 0.4822205603122711, 0.5738934874534607, 0.5456364154815674, 0.515978991985321, 0.4584646224975586, 0.5027256608009338, 0.40685170888900757, 0.41340336203575134, 0.4085521399974823, 0.4344586133956909, 0.4760189950466156, 0.5266316533088684, 0.6706176400184631, 0.5400350093841553, 0.6010502576828003, 0.6253063082695007, 0.6082520484924316, 0.6328582167625427, 0.6183045506477356, 0.5724431276321411, 0.5234308838844299, 0.6186546683311462, 0.5292823314666748, 0.5379844903945923, 0.38484621047973633, 0.43015754222869873, 0.6419605016708374, 0.6127032041549683, 0.5833958387374878, 0.5698424577713013, 0.5824956297874451, 0.664266049861908, 0.6729182004928589, 0.6284071207046509, 0.6553138494491577, 0.6472617983818054, 0.44431108236312866, 0.681970477104187, 0.6586146354675293, 0.6355088949203491, 0.6323580741882324, 0.5731433033943176, 0.48057013750076294, 0.4487621784210205, 0.5418354868888855, 0.6715179085731506, 0.6440110206604004, 0.5910477638244629, 0.6464115977287292, 0.6224055886268616, 0.5139784812927246, 0.6618654727935791, 0.515978991985321, 0.6025006175041199, 0.5126281380653381, 0.5816954374313354, 0.4972743093967438, 0.6320580244064331, 0.42820703983306885, 0.42370593547821045, 0.4646661579608917, 0.38144534826278687, 0.5278319716453552, 0.5064266324043274, 0.6120030283927917, 0.4984746277332306, 0.6160539984703064, 0.5947486758232117, 0.591797947883606, 0.6506626605987549, 0.6324580907821655, 0.661765456199646, 0.5982495546340942, 0.37674418091773987, 0.41280320286750793, 0.523980975151062, 0.3600900173187256, 0.42585647106170654, 0.5093773603439331, 0.5045261383056641, 0.41125282645225525, 0.5718929767608643, 0.5275818705558777, 0.5479869842529297, 0.40685170888900757, 0.5807451605796814, 0.6103525757789612, 0.4584646224975586, 0.5306826829910278, 0.5032258033752441, 0.4197549521923065, 0.5843461155891418, 0.5706926584243774, 0.5277319550514221, 0.6043511033058167, 0.6232057809829712, 0.6080520153045654, 0.586296558380127, 0.6066516637802124, 0.5207802057266235, 0.4269067347049713, 0.4493623375892639, 0.5544885993003845, 0.4069517254829407, 0.4071017801761627, 0.4568141996860504, 0.5575394034385681, 0.5615903735160828, 0.5950987935066223, 0.503125786781311, 0.5081270337104797, 0.40360090136528015, 0.4599649906158447, 0.39594897627830505, 0.39674919843673706, 0.388447105884552, 0.4952238202095032, 0.46086522936820984, 0.5085271596908569, 0.5299324989318848, 0.6379594802856445, 0.5201800465583801, 0.536834180355072, 0.5589897632598877, 0.5967491865158081, 0.45301324129104614, 0.48872217535972595, 0.44351089000701904, 0.5365341305732727, 0.43260815739631653, 0.536834180355072, 0.5785446166992188, 0.4976744055747986, 0.44516128301620483, 0.528082013130188, 0.5668917298316956, 0.49922481179237366, 0.6366091370582581, 0.5034758448600769, 0.6345586180686951, 0.6072518229484558, 0.5130782723426819, 0.6169542670249939, 0.61845463514328, 0.6382095813751221, 0.665866494178772, 0.6714178323745728, 0.665666401386261, 0.6555638909339905, 0.5573393106460571, 0.5561890602111816, 0.5486371517181396, 0.4607151746749878, 0.4581645429134369, 0.6342085599899292, 0.4879719913005829, 0.6293573379516602, 0.6327081918716431, 0.5839459896087646, 0.48217055201530457, 0.6426606774330139, 0.6283571124076843, 0.6227557063102722, 0.4789697527885437, 0.48747187852859497, 0.48452112078666687, 0.5307826995849609, 0.591797947883606, 0.5937484502792358, 0.5722931027412415, 0.6020004749298096, 0.5041760206222534, 0.4507126808166504, 0.642760694026947, 0.4497624337673187, 0.6410102248191833, 0.5956989526748657, 0.47146785259246826, 0.5245811343193054, 0.6185546517372131, 0.5852963328361511, 0.5798949599266052, 0.5620905160903931, 0.5807451605796814, 0.5394848585128784, 0.5148286819458008, 0.5627906918525696, 0.6477619409561157, 0.6070517897605896, 0.6196048855781555, 0.6454113721847534, 0.6272568106651306, 0.6409102082252502, 0.6404101252555847, 0.6758689880371094, 0.6691672801971436, 0.6701675653457642, 0.5871467590332031, 0.5811952948570251, 0.6473618149757385, 0.6600649952888489, 0.6464115977287292, 0.6702175736427307, 0.6528632044792175, 0.642760694026947, 0.6098024249076843, 0.6374093294143677, 0.6741185188293457, 0.6660165190696716, 0.6576144099235535, 0.6047011613845825, 0.643410861492157, 0.5686421394348145, 0.6467617154121399, 0.6729182004928589, 0.6732683181762695, 0.6561140418052673, 0.6647661924362183, 0.6568142175674438, 0.6345086097717285, 0.6557139158248901, 0.681520402431488, 0.6802200675010681, 0.6627156734466553, 0.6715679168701172, 0.6461615562438965]
