[BM Buy and Hold]

CAGR : 0.07%
Sharpe : 0.05
VOL : 13.73%
MDD : 89.68%

[LSTM]

CAGR : -0.74%
Sharpe : -0.2
VOL : 3.41%
MDD : 89.68%

========================================
mean loss: 0.4586872971057892
[0.5780158638954163, 0.5675176978111267, 0.5583571195602417, 0.5469596982002258, 0.5444183945655823, 0.537465512752533, 0.5318365693092346, 0.5183835029602051, 0.5108763575553894, 0.49379801750183105, 0.4816703200340271, 0.4693191647529602, 0.4744310677051544, 0.4497881829738617, 0.44181346893310547, 0.43514615297317505, 0.43393516540527344, 0.4294256865978241, 0.42836686968803406, 0.4232980012893677, 0.4221714437007904, 0.41828474402427673, 0.46447187662124634, 0.42367005348205566, 0.41718265414237976, 0.4199698567390442, 0.42373207211494446, 0.41533398628234863, 0.41474413871765137, 0.41472750902175903, 0.41813015937805176, 0.41265591979026794, 0.4102356731891632, 0.41277047991752625, 0.41490256786346436, 0.4132360816001892, 0.4590131342411041, 0.42068272829055786, 0.4358154833316803, 0.42096051573753357, 0.43316954374313354, 0.43198099732398987, 0.4583597183227539, 0.46309956908226013, 0.4633234143257141, 0.45550617575645447, 0.45780542492866516, 0.4573788642883301, 0.5049053430557251, 0.5013219118118286]

mean acc: 0.8196290457248687
[0.7334790229797363, 0.7352263331413269, 0.7410830855369568, 0.7482823133468628, 0.7528385519981384, 0.7614385485649109, 0.7659637928009033, 0.7756909728050232, 0.7853524684906006, 0.8003181219100952, 0.807349443435669, 0.8163197040557861, 0.8112710118293762, 0.8279383778572083, 0.8330636620521545, 0.8368046283721924, 0.8369031548500061, 0.8394511938095093, 0.8396226763725281, 0.8441405892372131, 0.8445692658424377, 0.8463804125785828, 0.8164346218109131, 0.841867983341217, 0.8467798829078674, 0.8453827500343323, 0.8426814675331116, 0.8478450775146484, 0.8479709625244141, 0.8488665223121643, 0.8441770672798157, 0.8497018814086914, 0.851078987121582, 0.8495851159095764, 0.8487169146537781, 0.8496344089508057, 0.810835063457489, 0.8458478450775146, 0.8354713320732117, 0.846686840057373, 0.8409523367881775, 0.8419992923736572, 0.8253610730171204, 0.8238526582717896, 0.8250674605369568, 0.8295434713363647, 0.830626904964447, 0.8306341767311096, 0.793578565120697, 0.786784291267395]

mean val_loss: 2.44851611495018
[0.5015361309051514, 1.0179743766784668, 1.261413335800171, 0.7543640732765198, 1.1036077737808228, 1.8129714727401733, 2.138775587081909, 2.0839731693267822, 1.5393034219741821, 14.610469818115234, 2.046293258666992, 3.726769208908081, 2.628927230834961, 2.2577264308929443, 2.7983055114746094, 2.3010470867156982, 2.722860097885132, 2.669353485107422, 2.3228394985198975, 0.782215416431427, 2.0318386554718018, 2.3879315853118896, 0.8271263837814331, 1.784773349761963, 0.7808284163475037, 2.199126958847046, 1.1633127927780151, 2.0200507640838623, 2.8246002197265625, 2.618494749069214, 4.070833683013916, 2.986175298690796, 4.450525760650635, 3.2822065353393555, 3.511655330657959, 3.861466646194458, 1.3443067073822021, 4.102597236633301, 1.2073928117752075, 3.4831554889678955, 2.190474271774292, 1.8943617343902588, 2.4566807746887207, 2.2994863986968994, 1.798515796661377, 1.814841866493225, 1.6226952075958252, 2.497934579849243, 1.7725203037261963, 2.059169054031372]

mean val_acc: 0.6430693370103836
last val_acc: 0.7909179329872131
MAX: 0.7994648814201355
MIN: 0.21277549862861633
[0.7994648814201355, 0.506527841091156, 0.5070531368255615, 0.7994648814201355, 0.5111733675003052, 0.5086289644241333, 0.7994593977928162, 0.5147409439086914, 0.5219308733940125, 0.21277549862861633, 0.7674658894538879, 0.6809242963790894, 0.51112961769104, 0.5164700746536255, 0.7925595045089722, 0.5270853042602539, 0.5718717575073242, 0.5211101174354553, 0.5649116635322571, 0.6488213539123535, 0.6977882981300354, 0.7796242237091064, 0.7714000940322876, 0.7283810377120972, 0.6513110399246216, 0.7977904677391052, 0.4955514371395111, 0.7965538501739502, 0.6592779159545898, 0.5165411829948425, 0.5303792953491211, 0.6946037411689758, 0.5145275592803955, 0.5142594575881958, 0.5257228016853333, 0.4928264915943146, 0.6534833312034607, 0.7971393465995789, 0.7200310826301575, 0.7380332350730896, 0.7973910570144653, 0.7968767285346985, 0.6242367029190063, 0.7961161136627197, 0.7986276745796204, 0.5181717872619629, 0.7980750203132629, 0.7665849328041077, 0.6076736450195312, 0.7909179329872131]
