[BM Buy and Hold]

CAGR : -0.14%
Sharpe : -0.03
VOL : 3.2%
MDD : 23.92%

[LSTM]

CAGR : -0.19%
Sharpe : -0.1
VOL : 1.75%
MDD : 23.92%

========================================
mean loss:
0.48605152606964114
[0.7819980382919312, 0.6617342829704285, 0.6442241668701172, 0.6332256197929382, 0.6312330365180969, 0.6263179779052734, 0.6168510317802429, 0.6071747541427612, 0.5875198841094971, 0.5762315988540649, 0.5738180875778198, 0.5538886189460754, 0.5406014323234558, 0.5309407114982605, 0.527725875377655, 0.5180618762969971, 0.5032822489738464, 0.5013564825057983, 0.49330446124076843, 0.4919321835041046, 0.47906988859176636, 0.47735297679901123, 0.4706433117389679, 0.4677247107028961, 0.4604087173938751, 0.4574771225452423, 0.4532907009124756, 0.4491059184074402, 0.44567376375198364, 0.4400605261325836, 0.4345465302467346, 0.4311041831970215, 0.429153710603714, 0.42463135719299316, 0.4221963882446289, 0.41993090510368347, 0.41429823637008667, 0.4109363555908203, 0.40937429666519165, 0.4038056433200836, 0.4030162990093231, 0.4002140760421753, 0.395231157541275, 0.3939470052719116, 0.3900645673274994, 0.3878193497657776, 0.3887658715248108, 0.3805403411388397, 0.37942567467689514, 0.38134434819221497]

mean acc:
0.7906609320640564
[0.6049586534500122, 0.633253276348114, 0.6472088694572449, 0.6541116237640381, 0.6588302254676819, 0.664332389831543, 0.680672287940979, 0.6966453194618225, 0.7111845016479492, 0.7274076342582703, 0.7327597737312317, 0.7472988963127136, 0.7591536641120911, 0.7683573365211487, 0.7710750699043274, 0.7778778076171875, 0.7880151867866516, 0.7913832068443298, 0.7955849170684814, 0.7970521450042725, 0.8041883707046509, 0.8043884038925171, 0.8088735342025757, 0.8127751350402832, 0.8156095743179321, 0.8167600631713867, 0.8205949068069458, 0.8223623037338257, 0.8230459094047546, 0.826797366142273, 0.8310657739639282, 0.8332499861717224, 0.8349006175994873, 0.8371682167053223, 0.8382019400596619, 0.8401193618774414, 0.8415032625198364, 0.8446044921875, 0.8459383845329285, 0.8492063283920288, 0.8496732115745544, 0.8517240285873413, 0.8545418381690979, 0.8538915514945984, 0.8569761514663696, 0.8585934638977051, 0.8609277009963989, 0.8622949123382568, 0.8638622164726257, 0.8620448112487793]

mean val_loss:
2.8121661174297334
[1.2610588073730469, 0.8761038780212402, 2.4967522621154785, 1.0210285186767578, 1.0308842658996582, 0.7779618501663208, 0.8869166374206543, 1.0456368923187256, 1.0496313571929932, 2.291865110397339, 5.943264007568359, 1.7812916040420532, 2.5158309936523438, 2.7640721797943115, 1.3482530117034912, 1.7568120956420898, 1.009679913520813, 2.384580373764038, 2.4936580657958984, 1.7087570428848267, 1.391047716140747, 2.2099709510803223, 2.2088985443115234, 0.9917097687721252, 1.832800030708313, 3.061947822570801, 1.367314338684082, 2.749009370803833, 1.90079927444458, 1.5321210622787476, 2.1804211139678955, 1.4035571813583374, 4.6773905754089355, 3.3489484786987305, 3.531466007232666, 3.492316484451294, 3.897857189178467, 2.4794681072235107, 2.9722824096679688, 6.614849090576172, 7.03739070892334, 2.0578479766845703, 5.885715484619141, 4.977735996246338, 2.862628221511841, 8.99146556854248, 4.405263900756836, 11.480538368225098, 1.443819522857666, 1.1776857376098633]

mean val_acc:
0.4994168543815613
last val_acc:
0.48537135124206543
MAX:
0.5978494882583618
MIN:
0.4075518846511841
[0.41695424914360046, 0.41810452938079834, 0.4181545376777649, 0.41770443320274353, 0.41625407338142395, 0.41800451278686523, 0.4179544746875763, 0.41810452938079834, 0.4181545376777649, 0.4180545210838318, 0.42155539989471436, 0.41810452938079834, 0.41830456256866455, 0.41810452938079834, 0.41830456256866455, 0.5943486094474792, 0.5878469347953796, 0.4075518846511841, 0.41840460896492004, 0.5891472697257996, 0.41850462555885315, 0.5953988432884216, 0.5934983491897583, 0.5896974205970764, 0.4201050400733948, 0.41840460896492004, 0.42635658383369446, 0.5945486426353455, 0.418254554271698, 0.45871466398239136, 0.5902475714683533, 0.5087271928787231, 0.5960990190505981, 0.593848466873169, 0.41800451278686523, 0.5900975465774536, 0.5891472697257996, 0.5882970690727234, 0.4306076467037201, 0.5946986675262451, 0.5960990190505981, 0.5978494882583618, 0.591797947883606, 0.594598650932312, 0.5684921145439148, 0.5951488018035889, 0.5940485000610352, 0.5962490439414978, 0.44881221652030945, 0.48537135124206543]


{'table': 'min1', 'num_step': 5, 'num_units': 200, 'epochs': 50, 'batch_size': 10, 'learning_rate': 0.001, 'optimizer': 'adam', 'loss': 'categorical_crossentropy', 'activation': 'sigmoid', 'is_continuously_train': False}