[BM Buy and Hold]

CAGR : -0.28%
Sharpe : -0.2
VOL : 1.39%
MDD : 26.13%

[LSTM]

CAGR : -0.14%
Sharpe : -0.17
VOL : 0.82%
MDD : 26.13%

========================================
mean loss: 0.4154292041063309
[0.8160203695297241, 0.6901118755340576, 0.6641687154769897, 0.6562668681144714, 0.6498264670372009, 0.6491695642471313, 0.6449712514877319, 0.6408513784408569, 0.6420631408691406, 0.6328319907188416, 0.622288703918457, 0.6276478171348572, 0.6170317530632019, 0.6020686030387878, 0.5845558643341064, 0.5690572261810303, 0.558474600315094, 0.5472270250320435, 0.5344186425209045, 0.5188787579536438, 0.5207956433296204, 0.4999190866947174, 0.49657416343688965, 0.49059998989105225, 0.47717756032943726, 0.47283485531806946, 0.4728546738624573, 0.45950040221214294, 0.4533662796020508, 0.44632264971733093, 0.44236257672309875, 0.4414081573486328, 0.43725070357322693, 0.4300307035446167, 0.4241282045841217, 0.4201761484146118, 0.4167321026325226, 0.4112725555896759, 0.4065198302268982, 0.40500932931900024, 0.4005904793739319, 0.3960029184818268, 0.39483898878097534, 0.3926941752433777, 0.3872098922729492, 0.3833337426185608, 0.384199321269989, 0.37863001227378845, 0.3752259314060211, 0.3746664226055145, 0.3717977702617645, 0.36649760603904724, 0.3664284646511078, 0.3623805642127991, 0.3607966899871826, 0.35969892144203186, 0.35692834854125977, 0.35320183634757996, 0.3494870662689209, 0.34896302223205566, 0.34637606143951416, 0.34473735094070435, 0.34464728832244873, 0.3417840301990509, 0.3373658359050751, 0.33530253171920776, 0.33420783281326294, 0.3328999876976013, 0.33365848660469055, 0.3302449882030487, 0.3266080319881439, 0.3268628418445587, 0.3250143826007843, 0.32154449820518494, 0.3236687183380127, 0.3159329295158386, 0.32070228457450867, 0.3187500238418579, 0.3120889365673065, 0.3160385489463806, 0.31488457322120667, 0.3094561696052551, 0.30860257148742676, 0.30902543663978577, 0.3094390630722046, 0.30367112159729004, 0.30475205183029175, 0.29939165711402893, 0.3026082515716553, 0.2992550730705261, 0.30289968848228455, 0.29578423500061035, 0.2963314950466156, 0.29431796073913574, 0.29487526416778564, 0.2935885488986969, 0.2885887324810028, 0.29388725757598877, 0.28974080085754395, 0.2870464622974396]

mean acc: 0.8324594867229461
[0.5362311601638794, 0.5835000872612, 0.6176470518112183, 0.6234660744667053, 0.631986141204834, 0.636021077632904, 0.6441910266876221, 0.6520441770553589, 0.6511437892913818, 0.6692844033241272, 0.6812391877174377, 0.6764705777168274, 0.6916266679763794, 0.7049486637115479, 0.7238729000091553, 0.7349272966384888, 0.7479658722877502, 0.756786048412323, 0.7666400074958801, 0.7771608829498291, 0.7757769823074341, 0.7897158861160278, 0.7910997867584229, 0.7961017489433289, 0.8002200722694397, 0.80498868227005, 0.8058890104293823, 0.815109372138977, 0.8182772994041443, 0.8220455050468445, 0.8255802392959595, 0.8250800371170044, 0.8263972401618958, 0.8321995735168457, 0.8351340293884277, 0.8366013169288635, 0.8407696485519409, 0.8424369692802429, 0.8457549810409546, 0.8477057218551636, 0.849039614200592, 0.8519074320793152, 0.8533246517181396, 0.8561257719993591, 0.8583599925041199, 0.8596938848495483, 0.8610777854919434, 0.8625116944313049, 0.8654795289039612, 0.8651127219200134, 0.8691643476486206, 0.8714485764503479, 0.8705148696899414, 0.8744497895240784, 0.8737661838531494, 0.8740662932395935, 0.8764005899429321, 0.8786848187446594, 0.8801354169845581, 0.881302535533905, 0.8828864693641663, 0.8842870593070984, 0.8843703866004944, 0.8853707909584045, 0.8874549865722656, 0.8887054920196533, 0.8892390131950378, 0.8896058201789856, 0.8901727199554443, 0.8923402428627014, 0.8934407234191895, 0.8937408328056335, 0.8947412371635437, 0.8972588777542114, 0.8991096615791321, 0.8978257775306702, 0.8975590467453003, 0.8989762663841248, 0.9010270833969116, 0.9010270833969116, 0.9020608067512512, 0.9048786163330078, 0.9033113121986389, 0.9047452211380005, 0.9044451117515564, 0.9063625335693359, 0.9056289196014404, 0.9089469313621521, 0.9075130224227905, 0.909413754940033, 0.909613847732544, 0.910797655582428, 0.909613847732544, 0.9112478494644165, 0.9124482870101929, 0.9116146564483643, 0.9132486581802368, 0.9124482870101929, 0.9145824909210205, 0.9172835946083069]

mean val_loss: 2.8060109460353853
[1.1825581789016724, 1.6022191047668457, 1.6663669347763062, 1.9146573543548584, 1.2699934244155884, 1.6274033784866333, 1.5189696550369263, 2.04145884513855, 1.6829971075057983, 1.24471116065979, 1.5426424741744995, 1.121517300605774, 1.4755510091781616, 2.5527307987213135, 1.418465256690979, 2.464353561401367, 1.7929003238677979, 2.230185031890869, 2.3852338790893555, 2.314347505569458, 2.2465529441833496, 1.564192295074463, 2.2668099403381348, 3.250500202178955, 2.3764705657958984, 3.0893030166625977, 2.9798033237457275, 3.3862953186035156, 2.8531551361083984, 3.1790356636047363, 3.3698155879974365, 2.5002517700195312, 2.602597236633301, 1.9337393045425415, 2.4695351123809814, 2.6715292930603027, 2.0325677394866943, 2.7172319889068604, 2.1409249305725098, 1.694132924079895, 1.614297866821289, 2.00887393951416, 1.6252630949020386, 2.6818439960479736, 2.3240087032318115, 1.6669646501541138, 2.0799121856689453, 1.5753803253173828, 1.801351547241211, 3.2840921878814697, 1.8384063243865967, 2.0278303623199463, 1.5908511877059937, 2.2865965366363525, 2.532188653945923, 3.528230905532837, 1.5941848754882812, 1.9425151348114014, 3.165780544281006, 1.7216923236846924, 4.759030342102051, 2.880094289779663, 3.1417014598846436, 2.641749620437622, 1.6971014738082886, 5.11634635925293, 2.8351638317108154, 2.548274040222168, 1.582529902458191, 2.267512083053589, 2.648357629776001, 3.8115158081054688, 6.202042102813721, 5.219201564788818, 7.298581600189209, 4.919990539550781, 4.1410064697265625, 4.462994575500488, 2.6377999782562256, 1.6689783334732056, 2.226182460784912, 3.766664743423462, 3.046396017074585, 5.366187572479248, 2.0282723903656006, 7.807516098022461, 4.403624057769775, 5.504279613494873, 5.436189651489258, 2.201122522354126, 4.944961071014404, 1.7193430662155151, 3.045414686203003, 3.8039743900299072, 3.2883119583129883, 6.621170997619629, 4.213170051574707, 2.1520614624023438, 5.061570644378662, 2.2207372188568115]

mean val_acc: 0.5001395380496979
last val_acc: 0.5089272260665894
MAX: 0.5297824740409851
MIN: 0.4760189950466156
[0.5089272260665894, 0.5043261051177979, 0.5074768662452698, 0.5070767402648926, 0.4934733808040619, 0.506576657295227, 0.5079270005226135, 0.5063265562057495, 0.5064266324043274, 0.4924231171607971, 0.5060265064239502, 0.5073768496513367, 0.5065266489982605, 0.5037259459495544, 0.5060265064239502, 0.5043261051177979, 0.505626380443573, 0.49697422981262207, 0.5089272260665894, 0.5075768828392029, 0.5051262974739075, 0.4966241419315338, 0.5066766738891602, 0.49517378211021423, 0.501725435256958, 0.5067766904830933, 0.4968242049217224, 0.5055263638496399, 0.49597400426864624, 0.5040760040283203, 0.49587395787239075, 0.5032258033752441, 0.49557390809059143, 0.5045761466026306, 0.5029757618904114, 0.5049762725830078, 0.505826473236084, 0.5007752180099487, 0.5021255016326904, 0.4998749792575836, 0.4848212003707886, 0.5056764483451843, 0.4958239495754242, 0.4875718951225281, 0.4923230707645416, 0.47911977767944336, 0.4861215353012085, 0.4760189950466156, 0.5029257535934448, 0.5032258033752441, 0.4952738285064697, 0.5023255944252014, 0.5148286819458008, 0.5045761466026306, 0.4801200330257416, 0.481320321559906, 0.48332083225250244, 0.5297824740409851, 0.5185296535491943, 0.4801200330257416, 0.4767191708087921, 0.49707427620887756, 0.5032258033752441, 0.5012252926826477, 0.4858214557170868, 0.5051262974739075, 0.5014753937721252, 0.5043261051177979, 0.5058764815330505, 0.48197048902511597, 0.5063265562057495, 0.5014253854751587, 0.5021755695343018, 0.5006751418113708, 0.50992751121521, 0.503775954246521, 0.5010252594947815, 0.5030757784843445, 0.5033258199691772, 0.5050262808799744, 0.4871217906475067, 0.5071268081665039, 0.47996997833251953, 0.4952738285064697, 0.49262315034866333, 0.5041760206222534, 0.5030257701873779, 0.5078269839286804, 0.5071268081665039, 0.5138784646987915, 0.5214303731918335, 0.5087271928787231, 0.49107277393341064, 0.48242059350013733, 0.4805201292037964, 0.490122526884079, 0.4810202419757843, 0.5126781463623047, 0.5110777616500854, 0.5089272260665894]
